98.166667
99.166667
98.611111
99.388889
98.388889
99.611111
99.500000
98.444444
99.055556
99.722222
99.333333
99.388889
99.000000
98.222222
99.222222
98.666667
95.888889
96.666667
99.388889
99.444444
99.666667
98.611111
98.666667
99.333333
99.166667
97.833333
96.777778
98.277778
98.944444
97.166667
99.500000
99.611111
98.111111
99.444444
98.888889
98.833333
99.277778
98.111111
98.277778
99.333333
99.277778
98.555556
99.166667
98.166667
98.277778
99.611111
98.611111
99.166667
99.277778
98.333333
98.666667
98.444444
99.500000
97.555556
99.388889
96.777778
98.000000
99.222222
98.888889
99.500000
99.333333
98.500000
98.833333
98.111111
99.555556
99.555556
97.555556
97.555556
98.444444
99.444444
98.944444
98.666667
98.555556
99.444444
97.777778
97.111111
98.666667
99.000000
98.555556
98.777778
99.777778
97.388889
98.722222
98.944444
99.166667
98.777778
98.666667
98.444444
99.333333
99.166667
96.944444
97.666667
99.166667
98.777778
99.555556
99.000000
98.277778
98.833333
99.111111
99.222222
