74.166667
70.111111
69.444444
71.500000
70.611111
73.111111
76.388889
73.277778
76.777778
74.666667
76.277778
70.222222
75.222222
76.500000
69.166667
73.166667
73.333333
72.500000
69.888889
66.666667
73.555556
70.333333
69.722222
69.833333
69.666667
73.333333
79.888889
77.944444
75.888889
70.111111
73.333333
69.944444
73.277778
69.888889
66.666667
66.666667
73.277778
75.277778
72.555556
68.166667
80.222222
73.333333
69.888889
73.333333
76.611111
73.222222
72.444444
69.888889
75.166667
76.777778
73.555556
67.388889
69.277778
75.944444
73.333333
68.388889
73.055556
69.555556
73.888889
70.222222
72.722222
61.944444
72.944444
73.333333
69.500000
73.333333
73.111111
73.555556
73.500000
73.333333
77.055556
69.555556
75.777778
69.500000
73.000000
70.666667
73.944444
68.555556
75.611111
70.666667
74.111111
69.888889
73.222222
69.888889
69.611111
75.944444
69.777778
76.777778
73.111111
68.277778
73.777778
73.111111
75.888889
68.500000
66.666667
76.555556
77.111111
67.277778
71.500000
73.333333
