93.333333
92.222222
93.888889
95.555556
95.555556
87.777778
89.444444
91.666667
97.777778
92.222222
90.000000
96.111111
91.666667
91.111111
93.888889
92.222222
89.444444
95.000000
92.222222
92.222222
94.444444
93.333333
93.888889
89.444444
91.111111
95.555556
95.555556
91.666667
89.444444
94.444444
91.111111
92.222222
93.333333
88.888889
90.555556
92.777778
97.222222
92.222222
94.444444
92.222222
92.777778
95.000000
93.333333
87.777778
96.666667
93.888889
90.555556
92.222222
92.222222
92.222222
91.111111
95.000000
88.333333
92.222222
96.111111
95.000000
93.333333
94.444444
93.333333
92.222222
89.444444
95.000000
93.333333
93.333333
92.777778
90.555556
95.555556
91.666667
90.555556
91.111111
92.222222
90.000000
88.333333
95.000000
93.333333
93.888889
92.222222
91.666667
92.777778
88.333333
96.666667
88.333333
91.666667
92.222222
92.777778
90.555556
92.777778
88.888889
93.888889
93.333333
87.777778
90.000000
96.666667
93.333333
94.444444
91.666667
90.000000
90.000000
92.222222
90.000000
