47.222222
47.222222
60.555556
51.111111
58.333333
71.111111
56.111111
55.555556
47.777778
55.000000
56.111111
51.111111
53.888889
55.555556
57.222222
52.777778
62.777778
54.444444
60.000000
45.000000
53.333333
73.333333
49.444444
55.000000
66.666667
58.333333
61.111111
60.555556
52.777778
51.111111
53.333333
61.666667
47.777778
54.444444
62.777778
58.888889
50.555556
51.111111
56.111111
58.888889
55.000000
48.333333
46.666667
56.111111
63.333333
61.111111
56.111111
52.222222
48.333333
53.333333
63.888889
59.444444
50.000000
49.444444
47.777778
65.555556
47.777778
60.555556
50.000000
55.555556
52.777778
58.333333
60.555556
51.666667
57.777778
52.777778
58.888889
66.111111
50.555556
53.333333
56.111111
68.333333
55.555556
60.555556
60.000000
48.888889
58.888889
63.333333
51.666667
63.888889
60.555556
49.444444
57.777778
54.444444
54.444444
62.777778
57.222222
62.222222
51.111111
55.555556
50.000000
60.555556
50.000000
47.777778
57.222222
62.777778
58.333333
67.777778
53.333333
60.000000
