67.000000
93.222222
87.666667
96.111111
84.222222
94.222222
95.722222
87.000000
72.277778
94.666667
72.111111
78.722222
95.055556
82.500000
79.111111
87.055556
64.388889
87.833333
96.000000
73.333333
82.500000
92.388889
71.055556
70.666667
67.166667
87.888889
95.444444
69.388889
93.166667
76.000000
77.000000
84.666667
81.111111
64.111111
62.777778
91.500000
84.555556
90.500000
78.444444
71.888889
67.055556
90.222222
90.777778
76.555556
93.222222
87.111111
85.000000
95.888889
62.944444
75.444444
13.388889
87.888889
89.777778
72.555556
97.388889
79.666667
68.111111
97.555556
84.944444
96.500000
91.388889
93.777778
77.222222
79.611111
72.722222
82.666667
23.722222
85.388889
86.166667
71.055556
95.388889
77.333333
94.000000
97.388889
82.444444
88.444444
99.111111
79.222222
77.166667
84.444444
93.333333
79.833333
94.277778
85.555556
71.777778
82.500000
95.500000
92.444444
67.111111
85.777778
72.777778
64.166667
74.111111
85.444444
73.000000
65.055556
80.333333
80.833333
94.277778
91.500000
