31.444444
35.777778
33.388889
29.055556
41.333333
27.944444
38.388889
38.777778
43.555556
48.111111
51.111111
45.055556
33.222222
39.944444
50.166667
29.111111
43.666667
32.500000
40.333333
35.000000
43.388889
40.722222
32.833333
30.944444
33.000000
41.222222
32.333333
35.888889
46.777778
42.333333
43.888889
28.555556
35.000000
35.833333
32.166667
38.833333
46.555556
29.666667
38.111111
35.833333
24.944444
47.388889
44.388889
46.388889
36.944444
37.055556
30.555556
30.611111
29.944444
40.833333
33.722222
31.388889
33.055556
30.333333
42.555556
32.055556
43.277778
50.833333
33.000000
31.888889
44.611111
29.222222
32.222222
44.611111
37.388889
35.666667
43.388889
35.111111
38.000000
26.888889
44.722222
39.277778
34.444444
33.833333
31.055556
39.333333
34.777778
47.888889
37.777778
33.944444
25.388889
39.444444
38.333333
35.722222
33.555556
44.055556
38.555556
26.944444
28.611111
37.444444
28.222222
41.555556
30.888889
31.944444
33.333333
31.500000
40.833333
25.722222
34.666667
36.500000
