100.000000
100.000000
100.000000
100.000000
80.777778
100.000000
100.000000
71.055556
100.000000
100.000000
100.000000
98.777778
100.000000
100.000000
32.000000
100.000000
100.000000
90.888889
100.000000
100.000000
100.000000
100.000000
100.000000
100.000000
100.000000
100.000000
100.000000
100.000000
100.000000
100.000000
100.000000
100.000000
100.000000
100.000000
100.000000
99.333333
100.000000
100.000000
100.000000
100.000000
100.000000
100.000000
100.000000
100.000000
100.000000
100.000000
100.000000
98.055556
100.000000
100.000000
100.000000
100.000000
59.833333
99.833333
100.000000
100.000000
100.000000
100.000000
100.000000
100.000000
100.000000
100.000000
100.000000
100.000000
100.000000
100.000000
100.000000
100.000000
100.000000
100.000000
100.000000
100.000000
100.000000
100.000000
100.000000
100.000000
100.000000
100.000000
100.000000
100.000000
100.000000
98.777778
100.000000
100.000000
100.000000
100.000000
91.277778
100.000000
99.055556
100.000000
100.000000
100.000000
100.000000
100.000000
100.000000
100.000000
100.000000
100.000000
100.000000
100.000000
