65.722222
67.611111
62.000000
54.555556
60.944444
56.777778
59.166667
64.833333
56.166667
54.333333
55.166667
57.222222
59.277778
58.500000
60.833333
53.222222
56.055556
67.111111
61.166667
61.333333
59.333333
59.888889
68.888889
54.111111
64.222222
66.833333
60.833333
57.277778
62.722222
53.833333
63.777778
50.000000
53.000000
66.277778
60.833333
57.888889
56.777778
53.888889
58.888889
57.055556
64.944444
60.333333
67.388889
69.888889
59.222222
58.833333
57.277778
58.222222
55.888889
58.555556
54.833333
63.888889
58.555556
61.277778
59.111111
62.333333
54.222222
61.777778
61.166667
61.833333
59.333333
59.666667
58.777778
64.111111
55.500000
55.111111
59.944444
54.777778
59.388889
62.611111
58.388889
57.666667
61.944444
57.222222
57.222222
59.000000
57.388889
56.888889
56.722222
60.888889
59.722222
61.333333
57.833333
53.277778
51.388889
54.444444
65.555556
66.055556
63.166667
53.333333
58.277778
56.611111
59.055556
58.166667
64.444444
53.333333
61.777778
65.000000
59.222222
64.500000
