96.888889
26.944444
100.000000
97.555556
99.944444
96.555556
99.833333
96.944444
97.111111
97.722222
96.333333
97.222222
99.166667
98.666667
99.388889
96.111111
99.944444
99.944444
99.555556
98.166667
98.444444
99.222222
98.611111
97.444444
97.388889
97.888889
98.833333
98.000000
99.611111
98.277778
97.222222
97.444444
99.555556
99.611111
98.722222
96.888889
97.777778
98.111111
95.611111
100.000000
100.000000
10.000000
99.444444
95.388889
99.500000
96.222222
97.277778
99.000000
97.777778
98.611111
98.333333
98.888889
99.777778
98.777778
99.833333
98.111111
98.555556
99.166667
99.888889
98.222222
98.722222
98.722222
98.277778
100.000000
99.055556
99.277778
98.611111
98.611111
97.555556
99.722222
99.777778
99.277778
99.277778
99.888889
99.944444
99.777778
99.833333
98.055556
98.055556
98.111111
99.888889
97.833333
97.222222
98.333333
99.777778
97.666667
97.888889
98.722222
100.000000
96.833333
98.000000
99.888889
98.944444
99.555556
98.277778
98.611111
99.388889
99.333333
99.166667
99.722222
