66.111111
71.666667
70.000000
65.000000
70.000000
68.333333
68.888889
72.777778
68.333333
71.666667
68.888889
71.111111
70.000000
66.666667
73.333333
70.000000
72.222222
67.222222
68.333333
75.555556
70.555556
67.222222
72.777778
67.777778
67.222222
68.333333
70.000000
65.555556
66.111111
69.444444
70.555556
70.000000
72.222222
68.333333
65.555556
70.000000
71.111111
71.666667
70.000000
73.333333
70.555556
68.888889
70.000000
74.444444
73.333333
70.000000
70.000000
67.222222
74.444444
78.333333
67.222222
66.666667
70.000000
73.333333
69.444444
67.777778
69.444444
70.000000
68.888889
76.666667
76.111111
71.111111
70.000000
66.111111
66.666667
66.666667
71.666667
73.333333
72.222222
65.555556
68.333333
71.666667
72.777778
67.222222
67.222222
65.000000
66.666667
68.888889
68.888889
66.111111
74.444444
70.000000
69.444444
72.222222
68.888889
69.444444
67.777778
70.000000
72.777778
68.333333
70.000000
70.555556
75.000000
68.333333
68.888889
70.000000
69.444444
66.111111
72.222222
69.444444
