99.277778
98.444444
98.722222
96.944444
98.944444
84.333333
99.666667
99.333333
97.000000
99.500000
99.222222
99.444444
99.666667
100.000000
98.722222
99.833333
100.000000
99.611111
98.333333
99.944444
98.333333
100.000000
100.000000
98.944444
97.944444
99.944444
100.000000
100.000000
97.833333
100.000000
100.000000
99.333333
99.055556
99.222222
99.777778
99.777778
99.166667
97.888889
97.277778
100.000000
100.000000
99.000000
91.777778
99.111111
100.000000
99.166667
99.888889
98.222222
99.777778
97.444444
98.388889
99.277778
99.944444
99.888889
100.000000
98.222222
99.888889
99.444444
99.833333
97.500000
98.777778
98.833333
98.166667
95.777778
99.777778
98.500000
99.111111
99.722222
100.000000
98.000000
99.777778
99.944444
98.944444
98.777778
99.500000
97.500000
100.000000
100.000000
11.611111
98.444444
100.000000
94.555556
99.111111
98.611111
100.000000
99.888889
99.333333
99.944444
100.000000
100.000000
99.833333
98.388889
99.555556
97.277778
98.611111
99.444444
98.333333
99.166667
99.111111
99.833333
