65.166667
59.722222
65.111111
65.388889
62.166667
66.111111
70.777778
69.444444
55.055556
63.166667
68.000000
65.833333
59.722222
67.222222
66.888889
68.833333
59.555556
63.777778
59.055556
58.166667
65.777778
63.722222
60.611111
64.000000
64.000000
58.500000
61.166667
70.333333
59.166667
71.166667
65.111111
75.833333
15.222222
60.555556
70.222222
64.777778
70.055556
60.444444
63.666667
60.388889
63.111111
61.944444
61.000000
69.555556
62.333333
63.555556
62.000000
61.111111
60.500000
59.444444
55.777778
62.222222
57.444444
62.722222
66.944444
61.666667
70.444444
62.444444
67.833333
60.833333
58.000000
70.388889
60.500000
62.055556
62.444444
72.777778
63.333333
5.222222
15.000000
67.444444
74.666667
72.944444
56.166667
60.277778
58.777778
57.500000
70.277778
69.000000
58.833333
65.722222
67.388889
63.444444
73.000000
65.666667
73.833333
60.222222
65.500000
59.166667
64.611111
68.388889
62.388889
62.444444
59.833333
56.888889
59.611111
67.277778
68.500000
56.500000
69.277778
60.777778
