95.555556
94.444444
94.444444
96.666667
94.444444
90.000000
95.555556
90.555556
92.222222
91.111111
91.666667
94.444444
94.444444
91.666667
94.444444
94.444444
93.333333
90.555556
93.333333
91.111111
91.111111
92.222222
89.444444
87.777778
90.555556
91.111111
93.333333
89.444444
92.222222
95.000000
96.111111
91.666667
90.555556
95.555556
90.000000
93.333333
94.444444
91.666667
89.444444
89.444444
92.222222
87.222222
91.666667
93.888889
92.777778
92.777778
92.222222
91.666667
87.777778
93.333333
93.888889
92.777778
94.444444
91.666667
88.888889
90.555556
92.777778
92.222222
92.777778
90.000000
93.333333
91.111111
93.333333
91.666667
92.222222
90.000000
94.444444
93.888889
87.222222
87.777778
86.666667
91.111111
93.888889
91.111111
92.222222
91.666667
93.333333
91.111111
92.777778
92.777778
93.333333
92.222222
92.222222
90.000000
88.888889
91.111111
94.444444
95.555556
91.666667
93.333333
92.777778
90.000000
90.000000
91.666667
59.444444
89.444444
90.555556
95.000000
91.666667
91.666667
