98.500000
99.055556
99.166667
98.500000
99.944444
99.666667
99.666667
99.166667
98.777778
99.555556
98.388889
98.555556
95.666667
98.833333
99.666667
99.555556
99.222222
98.944444
99.333333
99.111111
99.055556
98.888889
99.666667
99.500000
99.833333
99.722222
99.611111
99.611111
96.944444
99.166667
99.777778
98.555556
99.666667
99.444444
89.833333
99.444444
99.111111
99.055556
99.888889
97.388889
98.444444
98.666667
98.277778
99.277778
99.944444
99.500000
97.444444
99.555556
99.722222
98.277778
99.666667
100.000000
99.444444
99.277778
99.055556
99.555556
99.888889
99.388889
99.444444
99.611111
99.666667
98.000000
98.277778
99.166667
99.444444
96.944444
98.333333
100.000000
99.333333
99.333333
99.777778
99.500000
99.388889
98.777778
99.444444
99.333333
99.055556
96.277778
98.222222
99.388889
99.388889
99.500000
99.277778
99.500000
99.444444
99.166667
98.333333
99.111111
98.055556
98.888889
99.333333
99.777778
99.833333
99.888889
100.000000
99.666667
99.722222
98.888889
99.833333
99.055556
