100.000000
100.000000
100.000000
100.000000
60.000000
100.000000
100.000000
38.666667
100.000000
100.000000
100.000000
98.000000
100.000000
100.000000
0.000000
100.000000
100.000000
88.333333
100.000000
100.000000
100.000000
100.000000
100.000000
100.000000
100.000000
100.000000
100.000000
100.000000
100.000000
100.000000
100.000000
100.000000
100.000000
100.000000
100.000000
97.666667
100.000000
100.000000
100.000000
100.000000
100.000000
100.000000
100.000000
100.000000
100.000000
100.000000
100.000000
97.666667
100.000000
100.000000
100.000000
100.000000
24.666667
99.000000
100.000000
100.000000
100.000000
100.000000
100.000000
100.000000
100.000000
100.000000
100.000000
100.000000
100.000000
100.000000
100.000000
100.000000
100.000000
100.000000
100.000000
100.000000
100.000000
100.000000
100.000000
100.000000
100.000000
100.000000
100.000000
100.000000
100.000000
97.666667
100.000000
100.000000
100.000000
100.000000
84.666667
100.000000
94.333333
100.000000
100.000000
100.000000
100.000000
100.000000
100.000000
100.000000
100.000000
100.000000
100.000000
100.000000
