98.333333
98.000000
98.333333
95.666667
97.666667
59.333333
98.000000
98.000000
96.000000
98.666667
98.666667
98.666667
98.000000
100.000000
97.000000
99.333333
100.000000
98.666667
96.666667
99.666667
96.666667
100.000000
100.000000
98.666667
97.000000
99.666667
100.000000
100.000000
95.000000
100.000000
100.000000
98.666667
98.333333
98.333333
99.666667
99.333333
98.333333
95.666667
95.666667
100.000000
100.000000
98.000000
76.000000
98.333333
100.000000
96.666667
99.666667
97.333333
99.333333
95.333333
97.666667
98.666667
99.666667
99.666667
100.000000
96.333333
99.666667
99.333333
99.666667
96.000000
98.000000
98.000000
96.666667
92.333333
99.666667
97.333333
97.666667
99.000000
100.000000
96.000000
98.666667
99.666667
97.000000
98.666667
98.333333
95.000000
100.000000
100.000000
0.000000
97.333333
100.000000
92.666667
97.333333
96.666667
100.000000
99.333333
98.000000
99.666667
100.000000
100.000000
99.666667
97.000000
99.000000
94.333333
96.333333
96.666667
97.333333
98.333333
98.333333
99.666667
