13.333333
10.000000
23.333333
13.333333
13.333333
26.666667
23.333333
13.333333
16.666667
20.000000
16.666667
16.666667
13.333333
13.333333
23.333333
13.333333
10.000000
23.333333
20.000000
16.666667
16.666667
23.333333
13.333333
20.000000
16.666667
16.666667
20.000000
16.666667
13.333333
13.333333
16.666667
16.666667
10.000000
16.666667
16.666667
16.666667
13.333333
10.000000
20.000000
26.666667
13.333333
20.000000
16.666667
16.666667
20.000000
16.666667
16.666667
13.333333
20.000000
16.666667
20.000000
13.333333
13.333333
13.333333
10.000000
16.666667
16.666667
16.666667
13.333333
13.333333
20.000000
10.000000
16.666667
10.000000
20.000000
16.666667
16.666667
20.000000
3.333333
23.333333
16.666667
16.666667
6.666667
20.000000
23.333333
6.666667
13.333333
16.666667
16.666667
20.000000
20.000000
13.333333
13.333333
20.000000
20.000000
20.000000
13.333333
16.666667
10.000000
13.333333
10.000000
26.666667
16.666667
13.333333
23.333333
20.000000
13.333333
20.000000
20.000000
33.333333
