73.333333
76.666667
76.666667
86.666667
80.000000
63.333333
60.000000
76.666667
90.000000
80.000000
66.666667
83.333333
76.666667
80.000000
80.000000
70.000000
63.333333
76.666667
76.666667
73.333333
83.333333
76.666667
76.666667
73.333333
73.333333
83.333333
80.000000
73.333333
70.000000
76.666667
73.333333
76.666667
76.666667
73.333333
76.666667
73.333333
86.666667
76.666667
86.666667
73.333333
76.666667
80.000000
73.333333
63.333333
83.333333
83.333333
76.666667
73.333333
70.000000
76.666667
76.666667
80.000000
60.000000
66.666667
80.000000
86.666667
76.666667
80.000000
76.666667
70.000000
70.000000
73.333333
73.333333
76.666667
66.666667
73.333333
80.000000
70.000000
76.666667
76.666667
80.000000
63.333333
60.000000
73.333333
70.000000
70.000000
73.333333
66.666667
80.000000
66.666667
80.000000
63.333333
80.000000
70.000000
80.000000
70.000000
76.666667
70.000000
76.666667
76.666667
70.000000
70.000000
90.000000
76.666667
80.000000
70.000000
70.000000
70.000000
70.000000
70.000000
