53.333333
56.666667
54.666667
59.666667
60.000000
55.333333
56.000000
60.000000
50.333333
58.666667
58.000000
56.666667
51.333333
53.333333
59.666667
54.666667
56.666667
54.333333
46.666667
51.333333
53.000000
58.666667
55.333333
50.333333
49.000000
55.666667
56.666667
56.333333
51.333333
58.000000
55.333333
59.666667
0.000000
53.333333
57.333333
55.666667
52.666667
54.333333
59.000000
53.333333
49.000000
54.333333
56.666667
60.000000
54.666667
52.333333
47.333333
56.000000
51.666667
45.333333
52.333333
55.666667
51.666667
53.000000
53.666667
54.333333
59.333333
59.000000
58.000000
53.666667
52.666667
58.666667
49.333333
54.000000
53.666667
60.000000
60.000000
0.000000
0.000000
54.333333
57.000000
58.000000
49.666667
58.333333
57.666667
51.666667
55.333333
56.000000
52.000000
57.333333
60.000000
57.666667
55.000000
57.666667
59.666667
40.000000
53.666667
44.333333
51.333333
53.000000
57.666667
59.000000
59.000000
45.333333
49.333333
53.666667
59.000000
45.666667
52.666667
54.000000
