46.666667
46.666667
42.000000
29.333333
40.666667
43.000000
41.666667
40.333333
43.666667
30.000000
37.333333
41.333333
46.666667
44.666667
42.333333
35.666667
37.666667
50.333333
42.000000
43.333333
47.333333
48.000000
51.333333
33.333333
40.000000
49.666667
37.333333
36.333333
50.000000
38.666667
48.333333
26.333333
36.333333
47.000000
40.666667
36.000000
42.666667
35.000000
47.333333
36.666667
30.000000
44.000000
48.333333
53.333333
44.000000
47.000000
35.000000
52.000000
31.666667
45.666667
40.000000
44.000000
34.666667
46.333333
41.666667
45.000000
28.666667
41.666667
47.000000
46.666667
38.666667
46.333333
38.666667
43.333333
30.666667
35.666667
48.666667
40.333333
41.666667
45.000000
44.333333
41.000000
46.000000
46.333333
42.666667
49.666667
34.666667
35.333333
40.666667
47.333333
54.000000
42.000000
43.333333
33.000000
31.333333
34.000000
46.666667
55.666667
50.333333
36.333333
46.666667
40.000000
49.333333
42.000000
40.000000
37.666667
43.000000
41.000000
39.000000
49.666667
