94.333333
96.000000
95.333333
98.000000
94.000000
98.000000
98.333333
94.333333
95.666667
99.000000
97.000000
98.666667
96.666667
94.666667
96.000000
95.000000
87.666667
91.666667
97.333333
98.000000
99.000000
95.000000
94.000000
97.333333
97.000000
93.333333
91.666667
95.333333
96.333333
93.000000
98.000000
98.000000
92.666667
97.333333
95.333333
96.666667
96.666667
95.666667
93.333333
98.666667
97.666667
95.000000
97.666667
93.666667
93.333333
98.000000
95.666667
97.333333
97.666667
93.666667
96.333333
95.000000
98.333333
92.000000
98.333333
88.000000
94.666667
98.000000
95.000000
98.000000
97.333333
96.000000
95.333333
93.666667
98.333333
98.333333
92.333333
93.000000
96.333333
98.000000
95.000000
96.666667
94.666667
98.000000
95.000000
93.666667
96.000000
95.000000
96.333333
95.000000
98.666667
93.333333
96.000000
95.666667
97.000000
96.333333
94.666667
95.666667
97.333333
97.333333
92.666667
93.666667
97.666667
97.000000
97.666667
97.000000
95.000000
96.333333
96.666667
96.333333
