43.333333
56.666667
46.666667
50.000000
46.666667
46.666667
53.333333
56.666667
53.333333
53.333333
50.000000
56.666667
50.000000
43.333333
50.000000
56.666667
53.333333
50.000000
43.333333
53.333333
56.666667
56.666667
60.000000
53.333333
53.333333
43.333333
56.666667
46.666667
50.000000
60.000000
53.333333
46.666667
56.666667
56.666667
43.333333
60.000000
53.333333
53.333333
56.666667
53.333333
50.000000
60.000000
56.666667
56.666667
46.666667
56.666667
50.000000
46.666667
63.333333
50.000000
50.000000
46.666667
56.666667
56.666667
50.000000
43.333333
56.666667
56.666667
53.333333
50.000000
53.333333
50.000000
46.666667
53.333333
43.333333
50.000000
50.000000
56.666667
53.333333
40.000000
46.666667
53.333333
56.666667
43.333333
46.666667
50.000000
53.333333
50.000000
53.333333
46.666667
60.000000
60.000000
53.333333
53.333333
60.000000
53.333333
53.333333
56.666667
56.666667
50.000000
56.666667
50.000000
53.333333
50.000000
56.666667
50.000000
53.333333
46.666667
60.000000
53.333333
