54.000000
89.000000
81.000000
94.333333
76.000000
91.000000
92.666667
77.333333
66.666667
89.666667
65.333333
67.000000
89.666667
73.000000
72.000000
70.666667
43.666667
84.000000
87.000000
62.666667
75.000000
84.666667
63.000000
60.333333
56.333333
81.000000
90.333333
57.666667
88.000000
65.000000
56.333333
72.000000
69.000000
42.000000
43.333333
86.666667
74.000000
81.666667
73.666667
61.000000
52.333333
83.333333
84.333333
62.000000
88.333333
79.333333
75.000000
90.666667
45.666667
58.666667
0.000000
80.000000
84.333333
59.333333
94.000000
65.333333
58.000000
94.000000
74.000000
92.000000
80.666667
88.000000
53.666667
53.333333
37.666667
75.000000
0.000000
79.333333
78.333333
57.000000
91.333333
50.333333
89.333333
95.000000
69.000000
86.000000
97.000000
69.333333
71.333333
77.666667
89.666667
68.000000
91.000000
78.000000
61.333333
74.333333
90.000000
85.000000
49.000000
78.333333
62.000000
47.333333
60.333333
77.000000
50.000000
51.666667
71.333333
63.666667
88.333333
87.333333
