93.666667
96.333333
97.333333
94.666667
99.666667
98.333333
99.000000
95.000000
96.333333
98.666667
96.000000
94.333333
87.333333
96.000000
98.333333
98.333333
97.666667
95.666667
97.000000
97.333333
97.333333
95.333333
98.666667
98.333333
99.333333
98.666667
98.333333
98.666667
92.000000
96.333333
99.333333
95.666667
98.000000
97.000000
71.666667
97.666667
96.666667
96.333333
99.333333
88.333333
95.666667
95.333333
93.666667
97.666667
99.666667
98.000000
90.333333
98.333333
98.333333
93.666667
98.666667
100.000000
97.666667
97.333333
95.333333
98.000000
99.333333
97.666667
97.666667
98.333333
98.333333
94.666667
94.333333
97.000000
97.666667
93.000000
92.666667
100.000000
97.666667
97.333333
99.000000
97.666667
97.333333
95.333333
97.666667
98.000000
95.000000
88.000000
92.666667
98.666667
97.000000
98.333333
96.333333
98.333333
98.333333
96.666667
94.000000
97.333333
94.000000
96.666667
98.000000
99.000000
99.333333
99.333333
100.000000
98.333333
98.666667
96.333333
99.333333
96.000000
